5844 8745
5690 2625
8764 1281
4710 4175
6329 1654
4763 3077
7845 7370
3051 3844
5503 7321
0745 9780
8299 8165
4821 6412
6029 2222
5033 9807
4758 2030
2992 5974
5158 6120
7698 5587
5059 6584
6049 7664
8915 4292
2055 7536
8513 3728
3569 8028
4669 8836
3562 7306
2962 4271
5801 1458
5364 4464
7553 9316
4435 7797
9816 5400
5535 7409
9752 4388
5745 3620
5161 2834
5832 9666
4339 2984
9178 1572
6685 1265
6265 1488
4227 8867
7273 5339
9551 5778
5297 5287
5750 5268
4408 9769
3007 4450
5525 7692
6588 7753
3809 9906
7816 8116
8615 7953
6599 7019
4313 3525
2358 1587
9318 5733
5988 2770
3193 6596
7119 6687
8090 4064
5378 5635
1726 6376
6355 2362
3798 5900
7477 3761
6979 1137
4710 2359
9033 1007
4367 4422
6544 7677
3829 2675
6281 9138
1703 2686
4451 5817
4358 8325
2283 6143
7751 2770
8892 5149
8911 6519
9902 8307
6956 1966
1858 2792
7340 4825
7096 8395
8619 8412
6217 5349
4945 2130
5515 2703
2209 2983
9305 5569
4951 8719
2992 5974
5158 6120
6860 1659
1256 7306
4120 7727
3317 1490
6284 5579
7570 3170
7177 4265
6001 9209
7797 6138
6972 8707
2643 6626
7746 3817
2088 8524
1132 2539
3765 3077
5834 3546
4260 4978
